9017
21639
2539
11203
26210
25478
31938
30724
1683
6741
8048
4846
9269
4234
189
3963
2156
9354
6160
4042
29676
24328
10976
25793
20494
12232
9836
20727
30242
26537
16812
29393
263
5090
31623
6635
23802
7820
18758
3001
2476
22625
2377
31598
17047
20419
3576
14620
401
6400
21757
23581
4002
27604
16049
27827
6163
14895
22995
20715
29127
9273
6016
199
4815
28051
31583
17819
25144
22496
7197
2232
23591
1669
2073
30024
15401
20396
25184
29049
8644
7823
19419
13022
25426
19187
27847
29202
783
2546
12902
414
31344
23550
5364
19484
20406
7203
31197
32157
10692
5260
1581
23625
22061
15433
30024
5189
30098
592
18395
31450
16939
18881
24338
3283
9379
31598
22540
11302
2857
20634
15244
24791
14020
15105
22001
8474
29414
3609
19304
25784
27461
19864
15456
1971
5094
17718
3646
16429
22394
19892
11346
11142
32750
25373
21770
14021
3390
28748
18278
26169
28298
29614
25772
16480
20843
24905
6749
24583
31623
26109
10343
29107
25187
28682
6044
8256
30073
8403
29795
13512
20107
3042
8622
28102
15414
26411
22572
20859
23242
4245
9663
32657
12121
3254
304
17919
30990
25310
17954
32044
11456
31320
11588
28503
20167
23788
5323
20278
7951
680
11552
477
19307
2785
24021
16354
7211
1652
30430
20927
20208
14161
510
27511
5055
26939
18559
27517
24661
18377
24870
209
3514
21937
23142
31852
29721
26949
21716
20958
30927
21054
8667
2870
17090
3257
15025
13346
2292
9599
9097
87
12120
13193
3851
12595
9700
2756
22017
32417
15847
3089
5971
1854
27037
13968
5173
3002
6656
24094
7327
31104
12002
11036
8189
2201
11577
18291
13865
28877
12218
23764
13462
31244
17833
18501
9166
27661
13295
9945
10526
8501
19565
8126
14479
16570
20368
3965
8985
25608
3109
30846
21780
11108
12655
23755
22767
1487
1911
25877
29220
12333
420
30972
25707
12198
24459
11403
15151
19277
20488
9986
9534
18687
19086
26329
14532
29070
4795
1793
13178
8223
6704
26989
2843
24785
13471
27345
25112
25248
21029
938
13452
16520
13275
31358
20850
26093
20136
2917
29718
4666
20569
10440
4553
16329
31475
14697
12249
29187
19015
30627
21952
11976
6088
22004
28572
10001
12442
3256
13535
21203
4587
13623
26440
1063
16262
5602
32274
13737
26789
986
4459
6173
20231
32178
6695
9049
9283
25462
22966
11871
20828
28652
32339
21193
23701
22297
22399
8042
24967
11783
11950
24114
20336
32710
6208
29010
25038
13233
20658
2977
1837
10482
31254
18494
10813
11081
19904
25975
4391
9481
5699
9962
18209
12899
1436
8938
17473
31206
15276
32549
18318
28231
4332
24707
5981
23902
31068
4689
7131
28786
5052
10398
2022
438
14591
8677
1057
27411
8189
19437
4167
12840
26984
28654
3775
13712
10241
2549
11889
16227
14603
3977
9945
8447
256
2447
31321
15368
24708
1387
13012
7341
30103
8552
19576
2349
32014
14426
17115
10906
26692
28802
29770
13022
31501
12721
20318
9211
1515
18096
32463
7319
4229
11744
1933
19895
2132
23838
3341
32203
18336
31977
12257
15595
2219
24263
14988
11872
6444
13028
4244
2918
25086
16637
5081
17200
5914
10364
29732
23597
9155
27621
7427
31370
9984
19312
13781
12280
5199
13048
26657
30895
19608
16147
24620
2482
17248
7555
15306
21589
1087
19661
23412
25341
11412
32551
18843
29480
11639
9367
11324
28845
27119
24666
29877
13892
1381
28035
16855
14152
30297
14052
10300
30396
12628
9777
21722
28557
30
28259
15833
21014
22832
21851
21922
15081
19308
16584
29753
18125
21004
2634
27340
10243
9433
24280
30092
8398
22685
11615
32699
1842
25562
26795
28166
13819
23484
8331
25366
3841
32077
13872
12898
29355
22248
12247
30023
20658
9712
28584
30298
13863
15553
20957
26365
31928
1255
30246
4912
32559
29071
14412
1962
30523
30266
7189
24105
26739
21945
12393
9222
15512
23893
11698
3852
29978
24654
21385
29834
5598
1927
18830
13991
11583
18815
1943
7158
7507
7811
2318
17738
2671
17698
20372
13772
4845
10978
30954
8522
13356
19761
27666
29906
217
9886
25009
19840
3181
31817
19384
20884
12279
8088
24643
8135
3100
30764
19394
18656
27740
27156
20054
1922
28567
27712
18558
10824
6607
25400
31474
25620
13103
5134
32207
30371
6220
17296
13045
27493
24492
21955
14253
20108
30853
397
6544
8291
9926
27826
21156
28898
91
17410
20679
22911
20397
9168
3153
18758
32617
25765
29173
22316
29571
8246
9192
3745
29562
660
22085
27236
2525
15267
19121
29083
32014
9421
12091
11043
17734
28407
25733
23333
9177
27828
28457
16106
16316
19641
6230
15088
27460
22674
442
12093
30512
2963
12453
26099
14058
5648
21611
20517
6666
8401
19466
1257
32540
25792
12044
13998
9123
27365
23983
4816
21854
2196
23620
16234
18633
27621
32213
27500
14567
19557
8714
9453
13375
5131
2637
27074
15140
5230
2605
9807
4922
7220
5888
5789
29750
206
31437
15789
29157
28771
11881
26380
18288
8201
7903
26280
26590
10811
25109
2786
30682
12680
7853
29924
5303
7048
11050
19253
3249
30740
10324
31370
27766
26806
6877
30944
1509
7263
18500
16071
21525
13144
23290
27393
24729
8059
4548
17483
3586
21667
32352
3451
27558
23905
5995
24523
30368
10225
8578
32629
27672
8044
13224
24192
4293
25918
23271
16857
4527
16091
8506
15525
25146
2990
31659
30166
15200
22354
25529
27644
8254
23557
8188
11102
3026
2394
12
10826
11267
25390
3998
16297
19937
19676
1264
26582
24367
5301
28264
19377
10527
21418
25464
15855
10332
30028
15556
8884
9805
31735
6023
30051
30617
21833
10290
24757
998
21209
8279
7432
31463
6950
11206
2298
23189
9934
18678
12343
10940
7681
166
13455
4538
10804
16579
19788
9859
4122
24205
20674
9193
9680
1014
31783
24859
31064
3146
28069
13163
15176
5141
1198
7508
16835
16450
7312
28347
14249
128
21833
14965
19467
20714
24220
17674
30178
16102
31076
20664
8192
13645
9001
27323
20806
21453
8177
7628
9496
21900
22104
11752
10254
19214
12771
16722
27884
11097
32658
6875
28117
87
30900
18785
3515
12923
28671
28822
19994
14247
21728
3842
3302
10574
272
25932
24258
1494
1128
25269
22898
8512
25334
15077
25235
2314
31056
2282
22153
24404
31528
9086
7098
28995
16417
1672
30202
3235
21217
30182
11845
22736
30312
15722
25268
14038
5536
12834
4778
27863
20789
22749
15182
8365
8102
21994
6207
26065
13213
2595
23683
25211
7292
299
30656
20491
21816
5363
15278
23208
13674
27267
30156
9255
30883
11255
20818
28206
20480
9159
5479
12185
12799
7500
5013
6428
23697
11904
23162
19754
15729
20230
192
20246
13491
24682
7247
28025
26016
2985
14784
11219
2497
6132
26645
28533
31290
7857
11432
29598
25434
16579
29538
18660
22127
16651
20269
25557
11743
10286
7852
32479
30580
21913
26921
21357
22776
8643
1999
28243
8962
30130
28441
9068
1551
31681
11402
25729
7636
19872
27807
32621
18131
17308
7426
1919
29229
18721
32512
28192
27575
23165
15933
3766
17999
4070
24486
12744
25201
22975
7336
19298
17157
21015
32415
30907
9339
18291
20114
277
2586
25805
11549
24037
13717
6876
26286
3636
15584
11926
22517
14661
12865
4340
30357
25720
4778
25589
21024
16494
28230
20709
8514
20846
32594
5087
12092
30471
9006
24721
15764
5879
27060
1087
11787
28492
11976
26890
2256
21449
29232
24179
13043
23179
24999
19227
26908
15341
18732
11212
21117
27048
23968
957
16389
8511
5520
8722
27607
32154
1104
24739
19706
19440
27465
16382
21330
10219
30099
1199
8143
8967
20935
14783
3300
31548
7694
15482
6971
9436
23166
13685
5799
11198
21927
8912
1882
12188
18280
22457
17240
32698
3592
5425
13355
6600
16769
8211
9432
4106
4383
30802
11283
6838
8010
5506
1711
22686
20384
19610
30296
782
15176
17144
30852
6392
16258
4773
27047
17742
23170
987
26790
1200
19070
32708
3727
20039
8966
8325
20103
17393
19604
635
4612
11678
8804
15044
25916
17402
8837
5890
18397
3660
25649
2651
30206
22429
18522
27589
15701
32542
6277
27008
12971
10180
2011
21987
23438
2869
19069
12636
8262
29671
14105
5555
6666
8838
9915
26254
4467
8855
1765
27450
16688
21084
20961
13736
12540
8695
24918
31414
15565
19921
20250
16304
7246
6205
22599
279
32400
18009
30353
13985
3580
25653
9174
22656
28813
5176
31735
18919
6204
28095
12519
19659
30651
12038
1281
25319
28517
17996
16287
16386
1654
30258
20456
12660
17527
6501
4585
7911
16125
18812
27112
2139
12179
27940
10740
9581
9717
29050
30145
2520
10879
12984
6323
29500
25828
22548
569
9246
6947
9957
23644
28720
7351
4360
28824
24019
28174
642
20202
219
18493
12902
27434
29330
16626
31482
9371
2815
11946
32021
27585
16232
7460
4811
31346
18965
26133
21836
21040
32599
16925
14858
29878
29641
26106
2842
2769
22486
32764
16093
28017
11387
10680
29407
17664
13646
8705
3583
13042
19392
25364
19921
14750
30623
26899
17216
22092
28895
15541
632
399
28313
5691
2563
2517
26452
11430
9521
31804
9860
1319
19902
4007
23376
22231
20655
17938
1176
22184
14973
14370
24119
32667
20085
16128
13189
11060
3423
28776
15136
3628
3934
8445
24557
28005
13591
24800
7001
7971
29717
9856
17637
11384
17004
7092
31457
9984
26013
16647
2167
1743
10426
23378
27884
9384
15819
24465
26659
9327
20079
20719
12387
25569
32711
17699
13657
16771
28047
767
5217
20440
24718
28486
8705
18647
17457
15295
11446
21916
8051
3207
23796
32350
5375
1963
22120
22177
11929
758
32384
14765
30650
17416
3117
11070
11130
1704
17640
12413
31155
15708
2803
13615
10084
16438
8417
20781
3667
24048
18008
532
16375
828
4630
11581
20372
27733
11570
32240
1960
5338
21412
29652
3718
23004
15880
13738
15937
566
22687
31803
13259
8476
27543
10639
22878
1783
6284
24672
28699
13424
20814
12238
23794
971
11237
10069
15553
31863
14290
26363
960
1251
14488
32718
11292
26259
27003
14477
14306
22642
11912
2726
2591
874
22229
27488
23366
13618
21514
13658
19665
13671
2848
17972
24619
28895
8809
9356
21710
28474
28881
16940
12712
18105
29283
11905
32196
596
26127
19792
27686
11782
30890
26020
32503
32108
8502
7435
26082
16526
4708
13057
7101
6909
25943
4269
1900
12574
25003
203
9218
16325
1718
9194
29738
20997
14861
29911
17606
2375
16202
29017
725
11162
23821
15134
10394
27722
21313
17654
1531
8884
1697
24639
26663
25432
1402
16032
25723
12080
18866
15355
19111
11585
23561
1180
524
8815
15519
27575
22121
7061
13495
1553
30647
32213
30138
23805
12625
28973
10623
19850
7256
22859
22473
26619
20822
20643
17681
25463
23841
22974
11910
31234
32003
15061
1875
16556
26135
14238
6944
20488
7158
7526
14811
20704
6803
21856
20664
16679
22372
28989
5238
1327
24003
26108
8421
6429
2707
26884
12709
30361
11046
9072
22576
714
862
12202
21274
6273
32531
5435
27288
692
4789
14049
30272
31535
3891
26338
28687
390
27931
5537
14512
7758
21250
20079
28923
26252
23334
30371
3261
21358
23634
749
695
16953
14850
5863
15849
12419
32712
17133
13328
2210
19438
21551
17773
4708
19805
27396
18888
23553
22717
19330
28341
12109
22750
7243
19222
26418
7767
1961
19425
14686
21101
29406
24099
18489
4406
16309
31301
4378
28414
19549
29838
2746
27881
9591
14058
2025
8410
7790
18410
12927
5268
17415
17163
12950
8223
23865
9787
22006
17262
28222
6297
19409
17214
29162
3709
18609
3393
15676
28344
9902
10108
16691
7453
21988
12013
7906
3648
12580
10610
16839
18557
2794
12006
29785
30268
1679
11661
8928
28020
4544
19890
16521
20590
4655
14478
698
11212
7048
18028
26275
13769
16807
22539
13590
4802
23304
24388
30872
17142
18303
23276
6584
7562
3881
18940
5535
31952
28066
23023
745
32712
7544
21612
22707
1255
30688
4133
11253
16920
15528
26879
22291
7681
5741
883
16302
11911
12046
24372
11968
148
26720
32018
28392
3351
3364
7198
9474
32589
3638
21007
5883
12352
8199
740
21731
31629
19532
31691
30788
20841
19448
13634
28083
10726
15720
124
31908
15731
2782
9222
387
9890
5425
11178
3584
20783
30403
28564
25514
23101
29362
5811
31935
17890
25683
6242
5954
11750
17116
328
30287
19912
3424
32636
19884
4098
13057
31213
2976
142
19297
14082
29960
18601
13145
22141
18343
6103
25070
8869
22206
7719
2432
31908
21980
31672
22853
26670
17912
18812
29430
31331
14525
7996
26824
12279
24101
15069
22430
28304
4169
11489
29053
13679
20856
11825
3136
16723
28806
793
2189
10138
18278
3988
9479
11434
18427
202
4549
22927
19244
12247
22532
5349
22071
8654
27160
17145
19015
18685
28585
12587
12872
27507
8731
20631
8954
21184
19790
1012
24900
10492
18568
1211
17100
9995
31663
9100
31940
30750
17596
26575
21767
30333
20844
21143
26980
9605
16696
18635
313
3308
9096
26759
7492
22861
9764
19904
14775
26080
2027
2599
30346
5000
9159
21584
6677
4372
10208
12820
8670
30910
19728
8756
21936
26360
8856
2366
4333
28265
16913
26037
13860
3378
32677
3948
230
1909
27262
1587
10710
19224
12671
5045
4352
16582
16434
17569
25196
11831
10242
32008
26866
3506
10667
11271
847
32464
29422
25253
28537
13442
25737
20990
24624
1109
29798
29858
4310
31477
19
26424
19328
6640
9074
13415
5453
8893
26546
6134
29943
4861
24189
32049
1959
13824
32115
15503
22542
28555
19928
23699
11185
9177
17545
23024
14980
24799
22069
15088
1211
11477
7113
29206
15069
7665
6956
21507
27674
8054
2093
9366
28382
2029
4538
32599
14246
25778
3922
7958
4627
7859
8892
18639
28732
23669
8698
24017
17481
17752
23929
22815
6206
2587
5770
15383
22548
22178
14870
11857
526
4343
13196
21706
12618
2448
27679
9282
13975
208
18991
13026
13190
9679
17668
19746
27588
29278
24770
20970
16550
2118
9881
6647
2822
29649
27965
28289
18254
30604
1430
21275
18386
17738
8120
9946
24931
18540
31765
24761
17952
25952
15601
27452
656
21096
27671
25428
20718
28061
2251
16003
14020
13363
12799
7232
8380
16126
16586
18077
28850
26677
26389
9767
12813
32375
9880
11534
26704
10507
13317
32134
11244
24940
6786
20332
2393
9733
13149
22829
22116
19001
17915
16356
29131
1958
25618
21186
8455
13483
22040
5555
105
17447
11260
24382
14696
29316
17939
3501
29498
17397
27221
5999
12705
14331
14793
31418
5640
22062
6718
20597
14030
30778
26684
1620
226
29992
1338
1093
22416
4575
5649
16651
26266
23274
1457
2600
23179
19323
8211
769
29512
26032
22895
7997
9448
8214
5550
7278
15045
19564
1058
16115
12499
23465
25461
22045
14129
9024
16863
19344
5118
1954
3484
16876
22382
12292
2462
1709
5661
10083
31359
23376
7587
3782
8121
22968
22376
17604
19737
30671
19898
9797
14449
28272
1820
19597
20366
1925
11233
27766
10857
5996
10746
15100
28065
9632
19213
31487
12585
2197
28871
6213
16190
30947
27506
29631
16285
24487
7882
17677
8946
25638
26892
13635
25235
31924
81
5870
26734
1749
14874
24402
13121
10913
28972
17654
2825
3437
32158
10083
22972
6055
29488
9256
31802
20994
6622
32033
8065
7635
21685
13305
32289
19643
27366
32494
4593
23431
26393
31444
3583
21588
259
15965
13517
7159
17723
12951
24250
11932
28489
21686
17598
4012
10752
17684
25434
28917
10767
18294
2511
21765
22226
6289
27023
12502
30062
15565
14833
20657
2588
11336
17448
1100
25541
30
27510
22070
1488
1256
1437
21108
25656
22146
6039
8301
9697
26898
19078
29699
24876
9029
11502
6659
1737
28124
5154
9151
28364
23656
12796
30201
15363
21329
13009
16131
2439
20253
30628
6181
5778
12527
16538
22079
25744
13390
23470
19887
31609
29224
11174
3445
18525
5399
6982
21909
19009
8930
20675
19645
297
32583
13691
14632
21366
3064
9698
16578
23922
2531
24000
29837
24362
8118
29850
11075
15484
10659
32365
28477
17264
13921
9379
915
11468
21875
19263
17541
2786
6828
5723
26394
6829
31475
25556
23558
11036
26180
3396
22993
3758
17143
1584
21046
19263
11845
10883
22218
31778
9736
20795
12510
6767
32706
30563
12453
8094
20705
5953
30618
13909
11329
32720
16924
28031
22771
16497
29787
8606
26173
31965
28280
4194
16609
15710
27624
19066
11682
3903
29210
30634
19717
2432
4697
8478
3157
2511
755
30206
10217
15796
21403
15938
8874
19468
16652
28616
22223
12984
27631
6563
1003
11414
30463
6583
32298
13232
20587
20611
25303
29620
10875
18237
30242
16549
26487
31780
3617
26063
31941
18706
12052
24832
4433
6224
15597
24053
23346
23471
26128
1555
138
31188
11095
30808
32685
9684
10585
32144
25222
21761
1772
19660
16695
18179
11496
29712
22528
21546
11054
14668
13410
30210
28393
1933
15748
15912
11796
15477
7125
12125
11325
27113
17395
11481
15496
24585
10444
29665
9462
4965
22787
21404
18151
13165
2965
5923
12510
1322
24508
21975
32133
22060
21523
7671
9201
7108
14587
11634
7462
4723
8766
11513
734
29089
7155
8537
2950
1938
9890
1800
1930
20887
16040
19453
17362
25729
29404
7109
30093
14683
20082
12756
4909
12889
6688
9753
16050
27659
14464
26581
9516
11990
8630
23212
30587
5285
16978
18941
24666
14044
16760
9839
7068
30862
29246
16844
4788
16623
29781
32019
8827
14860
18412
7368
28206
26553
22737
14223
25526
10955
17625
29433
21805
1160
24963
670
19357
11868
17624
7532
30475
22990
21909
23870
24500
11441
9868
15536
15510
19871
8520
10034
4914
5283
17392
20316
1169
13366
30317
16258
27525
28269
15055
22663
12337
10864
15597
13046
29899
32302
1356
5710
32673
79
21315
31390
1626
30314
25180
18514
15999
13177
7932
19021
22330
14986
3655
1592
16477
31159
27966
28441
25253
12631
19242
9767
11585
23414
9022
15837
7310
10115
14712
13133
7717
24137
16072
4535
30231
16929
116
29786
2423
16229
9915
23178
12825
295
18105
515
32666
15907
19338
15229
2464
20979
31410
28032
14179
30338
6076
14714
8301
12739
27426
30479
27294
19363
12397
31152
18802
24636
12189
21615
647
25163
1483
4113
7001
8676
24845
1893
5200
11108
13210
24021
21758
4776
8751
17467
11681
32380
12721
32758
4592
2134
30739
26684
28948
17477
21626
19889
20212
1316
29343
57
693
12563
7541
26379
16001
14888
9485
24328
17544
3937
23478
21322
27973
6621
28264
17407
25347
6732
7267
12152
13983
31397
4627
4477
12687
26647
27447
27876
2339
18753
8258
4962
22283
25765
25345
8096
31514
19290
11903
21905
19018
23554
3622
23812
12031
29180
24614
2677
7824
5339
5915
10793
2051
15382
16106
378
8216
31488
18667
31343
11914
10491
25422
11663
16529
23017
24503
15863
25771
15076
27948
15275
21404
10031
10545
42
10931
2412
19505
14661
6992
23823
29984
5680
13219
25618
22623
19162
9398
25835
21984
23930
10670
1211
14986
29290
29774
4552
12511
2617
17084
21037
9436
26108
648
10960
7968
1508
9450
12949
23377
30230
2123
1489
7612
23990
6919
28162
3131
1093
7026
12733
3676
16686
6425
8423
30911
2459
6986
12584
1984
4237
4310
16029
27990
11564
27925
17613
30267
31580
5675
9183
2638
27280
2186
17930
3125
12003
21432
14668
23622
18533
21587
4447
680
5298
20306
9705
17589
7882
21133
243
10659
8476
32384
4508
12900
28132
7499
30478
18634
12727
11006
30642
10735
17500
13076
30880
20436
31710
10045
2394
7752
13791
4961
22457
22284
2863
21217
8231
6452
24990
11040
28175
28624
20494
28482
16530
13260
2252
4403
26492
17685
15904
17387
11382
24317
13602
4849
7293
3041
31440
4894
1426
31753
28510
4260
31923
17359
7117
24143
11
17668
1471
10762
2406
18319
30090
31396
9447
1367
25227
15060
24573
11620
31165
30075
9363
8769
29321
10026
21639
30628
9696
18660
14686
29520
7048
30757
7222
5435
435
24610
6651
27372
17110
18515
2014
12840
11704
27695
31747
3789
25546
55
20090
22526
438
2101
9841
16512
13882
25286
26536
24164
15159
11798
5157
21991
25861
27115
30248
11158
15370
31461
9825
438
21643
29444
16993
17634
22721
17258
26447
3062
31024
15202
17628
12076
14132
30882
23672
23173
15837
11469
16583
8043
15612
23612
26958
18836
31358
31230
28275
31529
3577
1309
16804
21544
31365
2851
13782
10503
6861
13277
27697
3226
4966
14943
30985
12598
16223
30536
21777
25879
19225
24648
28363
11775
29016
8415
28739
18464
3739
12391
3325
3132
32425
2388
27692
267
30829
26043
804
7133
23555
9489
29714
29824
10003
16182
17643
28772
862
26801
674
10493
9110
19518
9374
4457
25203
32134
17515
8019
22531
2349
32176
31511
22850
17937
2657
31526
5610
19409
28469
28333
18572
12941
19547
31601
11488
32749
9833
4861
12378
25957
15253
17152
4349
13239
14631
25841
24180
10169
25902
28916
4447
29784
4210
30721
11499
11741
25771
2371
7845
31343
25328
1726
20624
11225
9842
11573
8564
9870
16234
21323
14202
14826
14928
9192
24822
19899
10062
22494
30596
2304
13812
13005
31062
22001
14637
18244
19660
26431
10098
17960
25157
8860
27453
23898
10294
5246
6081
27028
1401
20768
21976
32660
19943
26314
7485
4221
25896
17747
3579
11642
970
16100
32293
11940
21137
1534
4040
16678
20494
19647
25374
8350
13427
26977
14596
32711
18342
9219
6574
25686
23956
4524
21402
31265
27848
8333
26306
8582
29500
14726
12310
15627
7535
6892
26921
578
25527
20618
20523
20976
4569
27877
3095
23405
27863
26565
8493
3918
27401
17904
2467
9538
12911
28217
18072
14650
20806
20409
32073
17357
25817
15709
29831
29146
8858
8865
1641
8047
30577
30106
23102
31209
12628
2618
31429
3421
26392
10960
7329
16695
4743
6606
10503
2081
4274
24783
24762
18215
31881
4312
11065
14360
6056
22494
26166
19247
13684
3977
18763
19442
23655
10552
12777
19803
4520
6981
27537
8502
735
13194
18502
24266
583
29476
7490
15547
2309
22390
30696
16943
13240
13425
7930
4912
27985
1043
13324
23634
15397
20270
2360
8597
25920
4971
32532
29836
23036
19086
32481
21951
9171
30460
25861
17743
17010
22906
28604
18136
12302
13367
1546
23707
32763
16141
27380
15837
19323
12548
12527
19594
24788
792
409
3614
26789
20540
3495
11205
30073
30366
14622
15809
12701
24109
22471
26125
7983
2137
3548
32320
7800
19737
10504
23731
11900
26931
1423
29926
7118
16824
21448
22304
4521
205
20948
21334
16701
28593
19850
17230
4935
12796
689
16389
6116
17957
10610
17997
10407
28487
18700
3770
28905
27685
8906
7359
20576
8043
18739
18709
19444
3383
14208
19292
205
20951
32083
1797
19889
30165
21157
8047
9869
17200
10240
5968
18001
32749
1775
32599
13057
12750
22196
30736
18441
20322
22840
2823
15058
574
29768
7984
19858
24201
6909
3206
9320
13246
27516
4851
28840
23213
21728
14448
26228
9411
22901
21101
12428
20620
16679
15987
22118
10102
20538
3592
18562
10456
22075
10707
1784
26162
10550
12288
5715
29879
24873
4582
13985
6152
26553
13543
4299
2627
12324
6808
20003
1340
11127
21538
20028
28938
19713
17641
28414
23494
13063
30827
6905
7823
18361
3946
4602
21457
28261
2125
8156
711
4331
26308
13729
9279
8561
32427
6338
25758
25687
26161
7362
18211
5741
21305
6921
3696
17252
26624
7408
3654
24707
13056
27673
19088
32667
26133
32001
1955
11837
2271
26584
12228
21802
10855
25488
12778
11275
22021
30516
15814
5475
20353
21883
257
30401
23160
5789
18885
24890
4353
17509
12926
7702
3473
27783
15074
29642
27676
11573
29231
14119
26237
28653
5811
31952
4120
18069
20114
32497
29886
7881
24004
2862
7889
16244
32093
3290
18600
17565
14353
1898
15668
3460
28663
5417
11236
20718
29069
15917
29639
19389
14333
15241
10737
15811
18078
31428
24351
10456
15294
30090
26782
1578
159
12706
12392
26069
15039
32032
20625
11444
25180
15068
32225
25718
8760
21282
1475
20980
25754
7339
25437
17857
12693
20940
12289
23299
17036
26094
29380
6274
28406
20286
4972
10239
22111
6310
29840
6087
27567
20475
30970
23176
17839
9336
30800
31074
22729
18795
26356
11329
32272
28974
13608
19563
27520
29785
10614
21845
390
31030
14927
26555
4547
12149
10994
751
781
29729
28559
26738
30390
29139
7340
24001
21265
4390
26057
16497
22323
19818
28479
8318
7159
16797
30574
21729
9797
407
6935
15968
28307
4996
14599
11434
427
7575
14582
6563
7855
7165
14766
12029
30299
13072
27248
18952
28555
29134
5011
29131
5373
6281
4718
29523
4183
14303
19576
6219
22124
15341
23982
11213
26811
14272
1589
16760
20536
1292
6977
29379
13648
3105
32565
1680
14631
18458
25868
14085
29732
23384
25335
2455
15791
18479
6215
28007
8505
8670
27278
5074
9341
18885
7681
14147
17158
3282
19745
17484
17138
13629
923
6390
18165
25717
108
20053
16801
18778
25416
16479
11748
1708
18749
18430
12498
24003
7316
23395
2212
29057
7160
2206
27905
13702
23770
32363
17533
23970
19731
5967
21344
24976
30667
6884
18344
26849
4506
10609
18001
13110
4078
1470
24019
20658
20397
12583
493
16047
3867
3566
29857
15536
16125
31702
16512
28055
28415
8941
10279
6425
22867
24745
12042
8558
20891
2870
8048
333
6921
32527
12735
26135
27076
10956
14586
14931
5006
3386
30856
13402
13221
22961
1847
15699
17894
13986
25472
17506
32056
19056
7437
21021
22824
2689
14200
28736
16081
148
10838
14753
6399
31317
8820
9830
17300
22318
26720
26741
17962
26721
4139
27692
8697
5972
22126
20819
14075
17963
20107
28750
1103
7836
17973
16279
18396
17151
563
11628
16694
5541
14432
16837
7109
2667
27383
7305
17444
13967
2317
9217
11463
4802
30815
30605
17889
9086
27726
31382
11396
31641
11816
3011
21770
19739
15017
15472
13493
31821
22722
7260
11922
26898
3480
28065
18339
25210
4560
21738
26172
30869
11274
23008
8366
8325
5291
19429
24355
24279
18144
24325
21705
27668
25312
5417
5171
1938
1393
18318
17148
27792
14509
25718
12461
7554
25094
13598
21728
31146
20872
16367
30886
20712
22110
6904
3879
27091
31896
17052
392
11784
22571
18568
29202
28867
313
28393
14992
940
9619
987
10744
3571
21373
4388
17742
22942
25009
13346
4038
2850
6310
12802
7721
30513
273
7219
31097
2772
31661
6426
5336
31161
1591
9480
23206
9934
20925
24425
5354
31503
3609
14398
13555
7835
3769
4557
15935
18446
11425
10902
22683
5643
2482
25482
19852
10008
6444
13944
29934
25519
4466
28872
21723
11921
11021
1643
30926
28510
20724
4370
17416
11107
9738
20382
17203
8371
1001
14808
16710
6009
22238
31843
9128
23948
31540
28911
20888
8260
32694
26286
10956
6285
29039
20236
20824
15673
5300
8859
19154
28571
12133
4684
15540
22097
18543
22757
18433
23137
149
16559
18476
31368
26737
12655
31029
26830
30645
23192
18709
9822
2487
19903
22620
4501
813
7503
28185
6745
1332
21374
25338
4268
20888
21888
18356
16768
17487
1786
19109
21965
1606
16825
8376
10210
23905
30116
30090
761
15805
1263
9931
269
56
12434
20198
31472
25139
10490
25316
16024
12950
5886
26509
32697
20501
12564
465
13978
23730
12485
26215
24865
19075
15454
27828
23087
9654
6377
18670
15156
16338
14427
12673
31738
8255
30735
29618
17605
24073
9075
15234
9886
18145
3842
4821
11756
30565
24434
23507
836
18593
20782
19087
3714
14037
5126
8678
20505
9592
3877
14251
25767
9342
8516
1025
26317
6871
12574
16391
9021
31288
8740
22459
21268
24605
369
13080
20587
18447
32512
6786
31016
13090
1821
14948
13338
26819
4121
2584
19526
13488
28738
6663
5755
17992
20498
3345
5421
5381
3239
16687
3712
28231
7795
27478
18594
4179
22581
10911
24670
30363
4648
22182
28142
15168
5498
3375
27665
12757
23551
17168
5470
8038
30759
23627
11224
13240
14638
3962
24258
10195
24466
6256
17077
9662
30154
32285
4079
23946
8501
28594
6894
27537
32593
32006
15166
29696
25389
11832
5263
6035
1825
16023
30218
9632
1724
32446
17381
12119
13566
8707
7989
24648
8903
31507
16388
16422
27024
27606
13732
16842
3673
3225
322
17274
4322
20075
16062
25708
31518
7367
20411
21382
1253
17012
15602
31592
8169
5546
16843
12204
32747
12150
13870
16236
29487
12895
19094
4357
7981
25674
19048
11035
30089
8091
22660
20190
30021
24477
23065
1931
3126
27684
957
21301
11444
26737
15549
18629
27542
18773
19633
24384
14942
30362
1876
14920
4528
7070
27283
8166
8201
27457
25316
31622
20653
23297
10713
4675
16097
6500
29429
19557
26971
17303
23230
14376
14839
7764
19475
10688
13739
22024
20416
7321
26813
2614
31312
14819
25395
10262
27683
10318
22924
22659
6080
2322
15789
1300
17003
17971
25630
14472
29435
5635
2422
24167
17126
22504
19476
9702
17822
11871
28176
3083
31264
31297
29553
20755
31433
6982
28833
23825
24428
6599
7454
22487
1443
7624
32369
30745
13154
22325
16228
19920
18386
15212
1904
3037
28252
15356
26229
5359
2051
23212
10414
20390
16120
16064
9955
1529
30824
12151
26336
21461
6297
6104
8231
26886
19765
30638
30946
8795
20966
26066
3867
15877
25378
1960
8751
12097
21321
8684
28800
21815
30189
9903
7531
6433
21872
25756
13178
14255
26325
15232
5850
14762
12240
31242
31759
24537
4895
18639
14054
1569
14109
18064
30123
16879
14997
14784
15517
16347
11220
31553
13727
9349
30210
32367
10288
29891
14514
6751
11677
18687
15799
30824
30069
20442
313
19427
11838
25621
9
14128
26214
14770
16434
506
31101
26198
18385
1211
23969
18674
30246
28034
25913
5282
29418
16884
18662
726
10211
17040
3510
28847
30903
4920
7067
27564
11518
19693
6172
29061
16538
23771
22859
26455
3659
21653
1271
3074
2174
4001
12322
27087
29798
21047
4789
2903
23374
17734
9075
30624
9774
29624
12332
14728
6012
11511
17971
30311
5956
28848
32530
22512
1403
18391
1403
19800
1681
12011
26242
26555
32325
30075
778
21947
11453
14057
13693
17002
8662
20590
32705
7018
31417
30814
21863
594
7599
23213
22053
27988
26678
24243
3206
15133
852
31276
1248
15869
21035
13699
20615
584
11982
17744
18752
21500
26963
23839
10488
18339
15657
8051
18870
19067
12460
20234
8655
32213
4855
9571
20569
25019
3065
29310
19937
4821
29388
27107
5473
8078
24129
16613
22892
14450
9152
552
6572
16346
14415
14945
11406
31948
10224
25181
4412
29981
5936
10821
7628
13016
765
2592
23990
30948
12984
15257
13452
10976
4235
258
6373
27730
23549
23962
31643
15105
27331
8971
12086
2207
27609
30775
25511
6059
24786
15668
2618
8086
16749
28821
13766
31781
32104
31212
19238
27670
20633
32141
5613
8966
7482
7572
5462
12946
16517
19497
5498
3773
5505
4866
26822
12689
6683
29738
21931
8714
27256
18433
3223
25135
1674
15493
14885
2178
5601
22991
2449
2202
7620
12256
11118
28431
23937
4510
13467
5270
17665
282
26995
3181
14751
12564
18756
20986
7482
16321
28162
31151
19337
3788
5181
26928
431
23706
24401
23224
25616
722
11741
12217
5730
32285
4726
22210
6663
9002
17564
18598
26266
9462
7660
24795
28872
20554
30616
5408
4961
8325
31765
20578
3758
4507
16659
29921
4614
21342
15794
18831
924
16892
28915
22200
31387
18377
19564
30184
8053
3135
14145
6410
26231
5187
15695
3277
22690
14250
16042
14924
24246
4092
13130
11245
17039
17528
22273
22921
23220
22360
20912
32718
5166
22614
12219
1762
20118
8302
16058
15433
15986
31462
8818
25609
18882
24460
13827
25868
4821
8767
3426
5317
9569
15280
11018
26135
31187
3946
15855
32626
17124
21264
31668
31807
14701
31462
27421
23934
23164
20371
12999
28077
19367
4390
16407
7148
22944
19286
23152
4704
17674
16142
30377
3029
20875
1321
24254
11431
19235
20090
453
25314
30140
25871
36
4520
6914
21174
18434
3027
10868
20673
22011
8668
8123
25863
28184
18172
9019
20523
24830
4496
6377
12577
12645
6850
4444
493
11724
358
20774
20910
21099
5154
25188
24540
1898
26322
25748
31950
3920
22314
3751
21375
14782
17565
5975
145
11869
32638
30651
6802
25621
13158
15385
3967
6272
20693
22267
31622
23454
14876
10885
23824
970
14202
15365
18943
7660
30341
17868
2612
11761
6347
6973
15189
21368
5562
4899
25037
9934
29629
27720
2836
25117
7336
24643
25904
10976
20822
22673
28540
3994
144
31207
10408
3528
1329
31175
24065
13332
3976
29266
32754
13515
15870
10333
8139
31889
10489
30662
31426
8532
26112
23048
13880
15742
17951
15118
12605
2927
21389
4165
3925
21802
21132
26101
24700
3150
18833
22225
2665
7753
21669
8653
22288
22728
18443
21039
19562
29297
26147
11753
12664
3029
11406
24102
25734
15520
31891
1571
26285
275
8897
15424
16539
7093
470
6487
9367
16197
25824
21068
29119
5362
15522
4069
31892
29391
19513
30940
16569
22145
2304
8755
24568
30778
12720
22984
4742
2540
24780
32553
27784
30390
7740
24233
7381
13987
13367
17076
2302
2707
19303
12127
27276
13433
4680
31811
20872
32711
29650
16524
12353
11815
8535
17741
21577
7276
29614
29207
28865
13256
26513
26569
7638
31551
14660
15785
29068
23899
25463
5300
5563
30242
1390
30003
32598
32069
29791
10895
10995
8346
31772
4454
648
25292
4849
3038
20595
21074
1232
4154
25534
11421
22955
1451
18848
16790
31522
25448
16455
11079
23902
17920
18132
11736
12093
28399
28328
21438
21935
25200
20958
6703
13920
6035
21272
16857
5527
28303
2687
6099
2910
24921
1029
19156
21475
8822
13038
8355
32542
7693
16014
8142
17332
4416
3156
415
31003
11196
11015
76
31999
28559
848
21870
2021
17211
29049
31924
13583
27144
11380
3801
16799
22174
7711
18643
18175
3026
4294
4942
29823
32705
21993
7768
3136
13595
19008
25950
10066
32450
23293
12119
1305
8596
28753
24383
27125
18564
24881
10439
20769
32496
21594
32075
30172
9519
12947
17668
30663
4969
3634
14463
7823
24235
9185
28237
203
29754
22690
28925
4648
32552
22801
28999
23747
19494
15849
26762
27094
8089
22986
16249
7575
12784
5178
19728
2653
17972
30185
16846
32517
3808
19001
21278
21652
21748
31229
15126
16157
5445
897
24675
9702
2071
13260
14980
18118
18157
1313
17975
10449
1184
18124
7729
8760
2991
29211
3090
30058
30422
20650
9624
18815
22498
22499
18963
471
16579
24006
5145
14590
25315
2790
4986
25299
14518
11700
25462
23018
28051
21248
28974
23598
30658
18365
1625
15051
6358
26629
27704
16715
14396
24413
15052
6142
19477
15929
10310
9632
17473
2243
27839
13366
11196
8920
3625
23865
29742
15699
10374
246
8125
10383
1624
19765
15654
12327
7512
5913
27148
25600
17258
3143
20368
29322
12241
32586
19745
30786
7327
21303
17813
26748
7280
19084
17017
29535
30808
15710
24998
3377
10778
31412
16661
31445
18075
22830
23797
1937
27798
15082
5114
18453
2960
2215
17911
3769
5903
26667
16559
29959
31239
12771
28393
7801
24213
27082
32194
6275
7663
16267
27719
31700
27804
23018
14659
13018
5856
29024
9046
2436
24955
32261
12103
27211
25235
31924
26779
27763
26350
3945
4199
6030
14180
31981
11874
67
21140
21430
14398
8781
28375
13320
17209
7110
22642
1377
29679
11686
16
6932
8306
9607
19823
3124
22684
5291
2649
17075
18596
30783
31190
1483
10736
14049
28576
925
13866
5985
31703
7705
20630
5316
32502
32541
22947
13199
14854
14305
24768
15426
12049
28562
10352
32546
26074
25917
12449
1339
26827
18671
15162
21158
3631
12315
32499
7688
24993
10555
31849
8539
16836
12986
10610
26609
1589
6418
26285
15797
16830
50
29534
9141
29901
7202
21369
28125
17444
23785
23549
28165
2001
4527
22915
20527
18017
18207
1303
3081
28753
25871
15174
4026
28613
20323
10616
2010
24700
3630
25985
26818
1028
16667
9074
7431
17962
25100
32181
32065
26037
6912
857
29969
5460
13114
170
31074
10452
22432
13829
13294
8854
16993
28906
2052
13633
1498
15187
21641
3508
32443
5444
5950
31039
12645
27812
21824
15378
5783
18251
27861
11253
6986
21340
13413
25402
22489
20949
2759
8176
16997
3940
15551
9050
24696
24445
25540
9632
15336
19881
8710
12739
7935
31009
24495
32214
23512
20123
28009
4972
8972
5220
12321
23629
11663
31919
14859
26477
15828
12845
29927
31262
15416
4829
16770
16772
29341
3366
12415
14409
11093
21283
14423
5267
14147
22590
3231
21043
7996
19712
31370
11552
1203
3367
28334
8227
30102
13305
2059
15315
14195
19161
23625
27076
19935
17944
20801
28668
16408
17421
12223
18598
25065
17000
21382
8715
9166
15811
7317
6845
11865
28538
1449
3605
19668
7613
1027
1248
27432
12771
5227
7766
11006
2305
6517
1356
21539
12988
28419
17834
9265
4699
22283
5662
16748
5665
9115
27154
21738
30937
16922
24540
4087
16818
3024
24373
8375
30285
32681
31725
23053
13077
18741
28893
4796
7631
14580
18204
32716
26225
4561
32118
3632
19000
20460
17433
32677
19701
19612
8338
20189
7336
25525
3576
7901
21327
32262
28007
14756
2816
9510
23216
25101
30774
1137
14671
31990
32361
31565
3486
21922
29409
9394
30280
348
459
30697
23039
9821
27021
26259
7538
10736
87
7150
30073
2516
14330
16724
10643
25826
5118
27652
23187
30447
17902
6181
8598
3060
25591
21768
6968
11885
28082
1710
13064
5374
4925
24714
17209
4956
29328
32135
23706
4715
16142
14669
19144
21412
1883
11968
10401
954
3438
32714
6397
24701
25831
19035
30617
30206
19362
28334
5716
14068
28812
2765
23198
29790
7349
20311
20269
30826
29351
4481
32241
18582
14327
15963
9803
21269
23833
4949
9082
2932
14200
16385
5974
14973
8646
21786
11584
1372
30353
9414
2393
28672
6424
30744
14322
24260
92
15833
12612
23375
30842
5768
17761
8376
3639
24991
1131
13038
22749
12312
30468
1368
5702
16432
15109
29880
19766
26219
22643
6229
27118
2008
25263
11865
2301
2454
14828
10104
25690
22935
230
5586
5808
29860
6866
795
10489
3489
17808
29177
7758
14867
9256
3757
29181
18399
19828
21238
15325
8276
13082
8498
28382
23660
29886
6855
26084
28239
29557
13761
13014
1049
14716
21949
25585
2013
2602
27653
13155
24810
11811
25340
21781
23117
20431
22717
22216
21143
31754
27903
18019
6368
6941
9788
4747
6923
30189
12818
22901
18764
7027
1257
6648
21224
14956
7382
31463
8252
17234
27583
7325
11777
26250
11456
10457
11726
17119
10446
5325
4062
22575
11930
18801
23060
4708
16824
9757
28732
166
17665
4439
12692
3280
9270
3050
3979
18208
16614
31288
456
6706
9873
6096
31598
31535
18957
18755
17823
27202
22569
16436
25407
22347
22417
9647
25082
16088
8689
16060
15496
4945
30813
16179
12847
18034
14065
16081
14218
1790
27572
1164
25738
1714
21698
7204
954
23672
2475
27131
9927
22238
21526
12582
25663
21190
31658
16324
8857
27231
2350
13710
5238
4180
17646
6320
18982
27459
29793
11480
31854
1392
6922
16524
29832
9403
17052
25792
13676
24271
3681
17064
19022
15773
7644
971
24168
2057
686
89
505
738
19894
10174
16526
15896
30588
22391
27776
16937
10192
5156
17342
12765
8366
22751
20940
13363
20581
28877
13068
15003
20216
3826
7485
30565
19141
6218
20801
6266
10340
21525
23075
6730
22994
30322
15704
18181
12495
14639
69
13838
12420
30432
9986
24493
8809
31790
4190
6404
29286
882
21283
3140
5689
3715
155
288
1047
4811
28754
2434
31894
11169
31006
26237
11210
18131
15197
14724
26030
32641
24702
21977
454
6962
29635
17991
6659
23841
14404
23316
12519
9176
8248
21554
745
1280
18800
31669
1819
23416
8996
17546
25354
31652
8434
16741
21990
520
7972
2043
24291
28693
23602
21618
8926
2882
11143
277
21828
12895
17800
9805
10288
7462
22739
30412
2003
14868
16580
11276
9497
7799
1342
5880
5001
15559
1960
10473
32366
21817
309
2259
14644
21650
13929
2241
12052
5433
985
3966
30196
13969
10290
19093
2184
32389
28540
15484
27582
31077
9120
31501
17241
19440
26152
12853
6619
27570
22343
16112
24489
12688
11801
30325
25962
31393
9771
28077
21936
19263
26174
21738
29146
10334
17480
15318
5689
6941
2748
20906
18801
4763
8971
30112
23330
6156
18795
11178
21960
2316
11735
18788
18400
19506
9815
28487
10317
13289
22145
8736
23033
891
28736
6337
4799
19055
29140
4599
10633
2581
1306
18108
4021
22879
25614
19629
31166
31474
26254
31934
31512
6525
7521
12844
6491
7754
7799
30131
6820
22035
26226
26882
4920
22550
29542
1644
30315
25451
31965
2272
11969
9878
27935
4123
338
9561
32688
21788
16499
12492
10521
728
4498
9647
11243
1840
19042
25854
32514
28704
10553
15046
26887
10553
27830
10040
30008
11601
3750
15867
9580
121
9768
4039
1361
1583
13584
21040
761
2005
25738
14783
12437
32610
29952
14919
21376
31320
25917
8566
25727
10486
5330
16299
25927
28078
26040
4871
12095
217
8504
10439
8072
31914
9224
10449
17467
25952
5559
16268
28401
448
12106
23029
20617
6083
21800
26608
549
24972
2099
6363
8054
20124
29240
18025
22074
25929
4489
430
3842
22636
18408
30326
4921
9563
20647
6363
21602
19991
25102
20759
14497
966
32253
6550
4221
21859
13778
17232
6628
14004
25997
21589
13423
29564
10803
13481
10984
25331
6000
7507
13834
28531
28799
32177
7303
18036
26703
19214
5200
17594
11486
28278
18704
29389
16873
17609
11257
9642
28360
25871
28868
6072
17300
8459
23539
3581
31114
29715
18010
23954
12980
21535
31197
25940
23750
6431
19323
20445
15174
28306
5772
12723
23791
852
32070
22462
88
27575
4742
23040
11217
27094
20686
18048
31885
4134
649
30855
28935
29262
32663
28687
12958
22585
25605
15737
8834
10089
9244
21886
11732
30350
8606
24936
11529
32599
9804
24450
21136
25224
26539
10189
27828
29261
30728
10484
32451
30413
18618
29058
30064
8451
8615
22867
31350
8137
12810
24392
11134
2870
7795
3903
14403
6698
12303
1091
11252
22055
2345
23295
26074
16739
753
10361
1338
8987
6268
18685
19581
28201
781
6998
16270
30169
27539
31813
388
25849
21874
5675
13697
11055
9862
22793
26329
21648
28773
11946
15479
32621
24293
16159
31613
25712
28639
22892
7467
9448
22578
21633
31746
21346
14858
31852
23593
27257
4194
24524
21263
9711
29639
4489
21074
29180
7263
12994
23008
25829
17707
22791
5468
30417
21641
9417
26819
27609
28157
7182
12367
9310
20784
7529
14235
18335
10809
32554
11273
31882
14108
11986
3681
9427
26256
25802
26554
20036
21510
16468
17822
20052
17638
24513
16745
15354
2844
18661
5874
15299
28883
13768
3693
21027
4480
6558
15760
12296
17443
29177
25589
11701
31434
14398
26304
26574
15190
1877
12161
12975
5505
18853
29276
22530
14880
832
8039
21137
6054
3162
851
31832
8170
20480
23375
25311
6954
25351
24617
13767
11343
1858
3254
930
27250
28408
9077
14600
13216
21652
14191
5607
7386
15007
15457
3354
9056
26604
25117
16957
816
29714
16174
6592
22217
30751
3771
3899
25652
14219
1454
17921
15173
21867
788
2040
2335
27111
8135
9896
17654
3054
24907
29329
6681
9001
5111
15554
13103
5677
4181
5799
19136
10484
28619
17443
9464
8078
29818
5086
22184
30996
10342
4577
32142
22238
30679
18528
19926
25589
19200
726
6368
20683
25311
18264
12612
14122
32100
31266
20500
31339
1237
24439
24417
30696
20081
28584
19968
7092
11348
12658
20621
11657
22170
3724
13233
27137
28615
22145
9121
15369
10343
25532
3303
10899
17905
5857
31333
20108
4337
7268
5271
25870
28262
12372
9752
20950
10345
21623
18792
9720
10768
11420
9196
32465
12946
29997
21046
20798
17324
18436
27015
29963
20291
9087
12946
1199
26698
26583
387
25910
31462
16045
20288
2686
20432
8422
30703
19366
24316
28345
17080
23492
13688
19974
5836
15062
29334
17130
422
13052
8269
13968
29329
13796
27357
24650
20330
11909
31666
17632
18087
6928
31627
16424
664
803
32731
19670
8685
7744
26479
32406
6521
15999
27218
25176
25397
21375
24814
14571
7816
6562
1651
16334
1477
18810
14973
31811
23798
23422
1521
15524
15832
13314
26407
17402
25894
19302
10575
21452
25882
9869
19213
2101
24882
13200
14439
14905
14128
24244
23521
23641
14692
29594
19174
1381
24109
7862
4458
7570
2238
8962
24782
25037
20254
6132
9732
12622
24946
17325
19187
22895
30335
25971
10013
21439
24939
1121
25471
10834
13507
5725
21944
30300
5827
4939
5742
11518
10961
18560
22254
11872
13386
122
14866
19200
22145
21198
13416
13130
5637
12385
14224
1384
32547
32731
11494
27995
5548
24153
866
2891
29177
22627
21692
5147
12075
12061
26067
24641
3767
32193
1615
23765
29987
21324
4997
4839
9226
5240
8860
14614
21862
14827
5614
862
7183
16046
8625
9522
11646
21216
983
14795
30935
9900
29490
1727
12071
24952
2524
19669
8425
6495
11990
6936
5328
24290
17135
22570
31680
12506
5352
30171
9757
27825
24789
762
24137
3794
24262
3948
3176
22366
9383
5754
18279
10017
24421
25455
30524
10436
10067
9315
27759
6724
29643
8018
4313
19107
29208
15729
5548
8157
17299
24769
17075
14621
26381
14308
19163
305
20845
1072
18931
17723
31130
1538
20400
9130
23452
852
7156
26473
14078
7314
28751
9046
3190
25514
6855
8694
7880
26979
7636
32103
31463
13551
6575
29590
19293
22979
23244
19122
31470
8102
12709
23008
27256
28936
30650
2608
15902
918
26070
25551
1445
28427
8083
31615
17438
9801
6176
21573
6854
1704
13378
2401
6954
29070
19865
21635
1167
9280
31525
17468
28816
16887
17161
14003
13065
17463
6542
27801
28980
17756
20842
18527
13330
22902
24899
3494
31245
26966
8815
13559
3035
17385
27902
10164
6309
22981
13562
30798
23913
22274
3309
27321
23453
3915
12708
24861
25365
28724
819
207
29478
28110
3897
9087
14092
7546
4197
26803
8585
29434
1849
31604
27599
21454
20494
24646
31648
29885
23129
24414
29876
13746
25900
24336
31067
28617
25856
17031
24163
27050
30385
8376
22076
26134
970
26520
22362
191
31747
16269
16859
19805
18440
17187
2154
27902
22908
24321
24675
3485
31806
28187
15671
2039
19691
26153
6931
3994
30884
10327
23740
10559
10769
19006
16574
23385
18341
27411
12741
19694
26404
26910
30283
18086
6755
2926
883
18978
31056
29644
30517
13198
3377
27885
32188
6522
305
26860
9740
24293
15384
17399
27112
11163
18266
8008
27891
16066
10067
26710
14101
20399
2257
24653
28192
28926
26579
14268
21172
10721
5008
4750
1120
14776
13243
2108
20745
14818
13062
29761
5008
4563
13029
10957
26031
29031
27796
26045
10532
17782
9051
32203
11282
23209
3089
17410
27812
8844
19935
3958
16371
20196
70
21297
24618
14146
19043
20592
9704
15576
1906
14608
28901
8332
5266
22083
985
32587
11207
1927
22425
26784
28741
11737
10627
17285
4076
22309
18717
30073
7695
15874
26873
32722
2937
29084
30428
1877
24498
14833
16158
31236
6014
3137
24404
18231
19623
9151
19501
24046
2812
4749
28314
25958
30362
24295
7218
25578
10090
159
28372
18412
24043
21193
16270
1876
30002
19895
18621
18712
13871
7464
13174
19725
28721
26300
5157
1533
31404
21675
6772
6649
1083
14519
30831
15600
21217
23391
17637
6529
22932
19286
23825
15374
18172
16691
2425
13330
29048
27498
27159
24500
17506
13947
28087
5532
4756
25961
22688
8453
29226
3694
7798
17427
1418
20461
4959
13415
21922
20904
14437
17906
8561
26163
10012
14342
18121
24745
24708
22707
10323
29341
816
29264
13523
9811
11432
14168
29613
18736
2573
8312
15017
23152
23547
28901
28915
21015
29107
21747
870
21546
24442
20196
28169
9246
29756
26109
32474
27793
12917
19424
13771
12088
20562
27669
26123
28953
787
6634
31878
30458
6579
20605
4015
9753
10955
14615
7293
23837
22964
27579
5299
22861
30443
7679
8805
31744
32698
13339
17592
1108
16661
26688
10729
4387
8643
31787
27281
32563
22462
10489
2599
30637
3291
16701
24774
17105
13997
14672
21040
13031
9639
2536
30228
15225
3970
8428
5516
2239
6366
21639
8682
11099
8748
3196
2228
11335
23499
5561
2285
7435
25969
21550
28054
30771
31949
18143
20853
26112
32619
4664
20501
14686
17367
1185
18446
14614
3589
18771
4742
2373
8944
15722
21496
18701
16258
6971
18997
14474
30388
28647
15272
31495
15094
3889
27613
18802
5841
31116
14661
10510
22731
26744
18483
31336
13963
29967
24363
29836
11069
3291
22620
24696
5432
10475
19563
10449
22238
31526
23154
4565
32452
1503
12617
11665
15124
20905
15876
24660
7215
13676
9148
2403
27286
25784
24723
9198
5130
14426
17394
29763
29682
25901
6677
5442
31486
5427
12490
31249
31242
5860
6517
14353
5189
5830
19544
11536
7314
5950
4369
21952
25134
6822
20580
26727
12435
13215
13115
2009
1693
28585
13035
8868
18668
20465
32441
21130
29577
17513
23197
20532
3788
23838
23366
20260
27517
9671
9053
21996
27193
24473
1550
26269
21015
3427
12997
2947
31372
1494
20021
7183
19596
36
7327
19989
24306
20174
8529
26424
12834
15542
22381
8866
20205
16508
26603
7928
19637
31239
225
26764
721
11874
12802
29653
26930
13770
29285
7197
27719
4101
13193
31354
14367
4853
9621
10495
16078
26476
4324
17971
32273
18498
26816
19650
18485
14245
31598
4979
5172
7857
25452
2394
6434
2880
7670
591
14535
4
27342
10143
32142
2771
22845
24833
12190
5441
9813
18891
17734
9076
20602
1637
12958
30004
1057
3582
23659
15682
17878
15487
12868
25323
32132
16573
13299
476
18161
15091
26142
7224
11144
8047
31271
13032
10587
12683
11600
14387
11112
10975
8995
4238
22299
25269
16145
5557
21269
2493
16729
20474
27436
19971
11051
23005
13747
31517
11789
8670
7675
27305
10879
32399
30745
22775
474
18669
490
29186
16254
28912
30037
10917
23852
16481
4048
14859
9905
16364
13094
18280
197
29302
887
8166
5938
23217
9856
2275
13881
32493
2076
601
21297
24369
18443
3485
2161
4490
13555
19533
2160
30883
30884
2947
19499
18582
22944
3919
199
19970
13787
12901
30840
11102
6847
11794
8865
140
7795
7797
20285
12465
24157
5867
16765
14917
18150
23243
21938
21862
2173
3668
15982
19570
24030
29667
7398
17108
1940
2409
30875
24094
8380
6685
23098
1369
12557
6254
3520
10904
8213
21564
20449
21204
28101
24903
27307
20467
21552
16872
1383
24874
13968
10751
11200
11653
394
28204
20519
19652
24755
29506
19829
21097
27986
12792
11218
3855
14952
8930
11478
31741
25069
9888
25327
1275
30557
15958
22531
9317
883
10332
1878
1405
27956
13622
11949
8453
29744
26822
15028
2062
8197
15296
21149
20747
18724
4447
18186
23337
7896
13654
26669
23523
20100
30218
1837
27344
12332
12030
9932
32704
7222
22414
8008
5896
20082
27105
14718
28698
31321
13849
1365
6745
29842
30156
28506
17451
5563
13240
22952
79
14949
23474
15371
30065
1120
1760
3941
11259
16698
22568
2128
28207
6658
31976
25860
28275
28753
9704
21116
10219
3212
3213
11476
11597
355
22607
7926
23025
26781
30828
25973
6440
23832
17886
14521
14287
22027
395
8797
29732
18319
701
16853
16344
11358
10705
17492
26725
23770
27443
5100
6561
22353
1674
504
28307
23935
15919
28855
1158
2900
8932
16441
17501
19192
18371
639
22054
18957
29300
15070
29426
21556
7075
11428
2275
14034
21425
31998
25990
4628
24490
11289
23139
15152
8824
10632
4051
5102
9814
2022
31250
31592
23175
5052
9365
15373
22855
20900
18334
6892
18946
10159
23565
27696
13252
13829
8569
20710
21489
8907
19071
519
19766
23882
17242
19634
17087
7245
18100
9145
13226
7114
13500
27231
10940
24005
24697
23648
5715
29298
18270
14130
23708
2970
26398
2187
6
24383
9666
17955
26615
7555
32760
4795
8637
32198
29102
21598
11719
9999
19679
32743
11541
30637
29357
15811
749
28702
8881
19448
16080
17711
21647
16742
25260
23909
20429
5709
22867
15772
30181
5648
12588
10478
29336
7737
28456
30678
18054
20156
3576
27285
24572
3968
32126
31445
13837
3867
13953
28813
6628
7902
13988
15908
12888
4113
30873
26585
21953
30335
15506
31330
13834
29750
13560
21715
4872
29320
27488
18882
26378
27733
29115
23465
16818
11661
13260
6283
17667
11248
31968
22747
30906
23832
1465
26009
26594
11706
7883
18878
15523
32297
19115
21210
20059
18459
23748
1276
22000
20912
28748
1490
15460
4528
19318
17169
14249
10516
745
22551
10679
5577
29042
30416
30173
688
22517
22486
16468
22761
14762
30172
19482
30289
18565
6220
27389
11593
30198
28975
13302
29114
31699
21070
29625
22358
29075
15766
2954
17696
16828
21697
12882
558
5022
27699
19442
32685
32066
17698
19159
1063
4510
13050
20431
7169
7946
12288
31771
29512
12792
9525
10693
31917
12255
27005
32308
2509
7800
15360
2813
14518
27437
15825
28924
23207
18127
11982
14756
14360
27015
29127
23187
22010
21263
7138
5993
8256
23329
4925
13787
7582
9776
214
14339
4241
21079
6568
4346
10655
28815
791
1961
12000
7716
22158
15324
15549
21098
2151
408
1016
13484
13835
1711
10477
3685
8026
30353
10263
11698
20301
4197
25557
19464
14297
25433
16238
19746
17687
9526
27475
27198
11171
22327
18085
7561
30274
11547
31223
25048
5831
27257
12117
6808
32311
10836
2949
14344
43
17647
19596
27558
1398
18402
12661
230
21000
13422
3917
11818
25106
30734
14194
29167
8811
21326
4878
20548
2099
8928
6110
1153
19382
16109
31288
31541
19090
25769
16460
10336
21789
24106
6826
3555
27393
23674
9732
1588
11049
14315
31285
10070
31457
2730
10883
21001
10296
22935
6945
16702
2985
16212
20472
11725
27899
19868
6312
23146
12134
6359
15817
7126
2295
8683
4982
12626
18742
4692
5388
345
29445
32375
28207
3726
11723
8755
5390
14580
20946
19386
23016
8029
5102
26783
4048
13605
5216
26928
12973
24607
21753
28165
11908
13008
23171
29657
11258
5851
32092
29081
1556
31677
11620
7355
19778
23994
11545
18385
31644
14615
2049
3934
15979
15754
18505
18664
30955
21999
12203
26702
25679
22588
30613
20316
28934
29111
23687
15261
19773
9063
30908
18032
13477
25288
12814
11102
28022
12995
16148
18603
5812
18652
1933
3627
11185
4782
25601
20055
24787
12180
165
9632
15767
12970
26496
27652
6102
16628
30156
25822
21575
24540
16543
8450
4166
2018
11466
18185
6355
20367
15873
13802
21214
17066
24893
13771
30914
14767
13919
11030
20751
17789
7446
32718
17036
847
2306
14116
27004
27885
24858
24389
4641
31012
28235
21879
15487
8307
7521
4196
3426
6663
6187
25781
20642
25834
31194
30691
28838
29047
8875
21834
1831
32529
28358
22912
27446
532
21605
26596
24705
9740
11576
7802
19410
16421
12041
31734
4312
17891
22428
11286
32042
7187
20441
28213
25737
20994
2604
18974
21093
7404
8237
1822
29859
10167
13180
6493
9118
2785
21999
31085
11116
184
15600
6692
14946
10697
17440
28839
6362
30106
833
17096
3635
924
31570
12178
5914
4187
7931
9761
20744
17144
14892
16056
16140
28377
32002
10765
19403
7583
11754
10983
11461
30040
18184
19947
2778
20214
730
21427
5132
4353
7192
289
23174
8840
17631
18931
9438
2653
6415
2455
5015
3714
4082
15936
16362
26590
12574
31289
14277
24116
4252
32634
31509
24662
22089
14713
24129
27798
21629
2370
30198
23934
29163
6090
28714
28353
27336
8832
32347
3696
11568
30246
13592
20081
21701
3039
1219
2606
2457
31881
12181
5258
17998
15948
24802
537
18811
24691
18847
25488
13906
14715
26145
1146
10368
15210
20775
557
16213
25187
18459
20221
25637
29046
17557
30127
20462
29116
20257
12593
5178
10148
28482
11400
11079
29320
23735
32521
21350
19076
22012
14540
14753
20615
16404
4958
14240
9386
29574
6838
10446
30401
23206
25194
6839
1328
17685
6947
23732
32257
5259
7247
13003
30259
9940
13845
12241
27476
8473
24462
31441
850
97
5426
946
32398
4951
31632
27411
4146
16718
6723
8570
4293
17026
17185
430
16124
11681
31157
27233
723
32394
28400
6930
26333
31316
25883
22578
15320
5266
4112
6790
6789
14805
17834
19916
14263
9075
4730
25249
16041
6279
1723
14242
9620
16441
20360
7634
12417
26944
28749
31804
5724
27301
12412
22233
31819
457
4481
15539
15166
20905
24823
24907
9158
26465
15132
25912
13354
26607
4482
4626
29880
19258
2568
3470
28249
18515
18953
18410
28520
22266
467
10636
4804
27236
19547
17382
15652
18747
14127
2460
1195
9959
1707
20969
14013
25100
2672
11071
28688
3155
5650
16685
31494
8046
29201
22918
26682
854
22795
11456
5464
18903
21807
7578
5683
17231
4597
5121
13329
20659
30220
32565
30537
5842
6548
17192
28433
30430
27790
5415
11153
28712
8593
3003
7740
20267
12478
26066
21599
19916
1782
19738
16378
2272
13642
6062
720
28399
13490
19700
28602
3127
4610
29125
13888
22516
5659
24527
27754
26335
15966
11320
27348
9973
6503
24964
12033
2169
23543
4281
14321
14396
16945
32193
4342
20252
4362
27407
32451
6859
19451
18566
710
25554
29432
18838
10424
21717
23718
9896
21106
26392
201
3516
30210
30786
18171
1616
510
28001
11684
19588
23576
1839
23846
26493
11763
19348
31576
32519
29749
10347
21302
13438
990
13193
9431
750
31192
11259
12703
27257
18638
8336
22709
27385
22850
24472
22455
4583
28634
5098
941
8060
19963
13100
3644
1813
16537
8526
11037
20188
4430
11608
10701
4773
3497
19302
22405
11798
6344
12272
15724
21003
31529
12367
3852
2360
25789
3197
23810
28689
21822
1565
24570
9190
24259
26811
28635
11603
30354
26452
31551
27095
18485
29465
4902
14531
16080
28528
24299
28502
14513
26428
3191
22566
6441
10078
4276
16833
11418
25212
19524
24725
4818
16896
26740
2061
9111
2148
107
32509
387
10414
27304
29504
20243
30518
13995
20640
14842
22447
13041
32501
20667
3173
3878
19345
22134
2756
28311
476
2306
31002
32486
30524
3389
14750
26369
3640
30112
9904
8788
29916
5911
25698
7230
8799
8207
27448
8130
22531
9680
12332
28544
10557
7181
3573
6627
20246
27321
21385
23963
19153
5661
7137
12878
7118
11560
21244
18826
3246
29190
3110
7167
23480
28916
3450
22251
17019
31058
13478
15829
8373
11513
6382
21630
20084
6608
3700
25877
22907
4506
28342
13994
12775
13330
19032
2021
2579
24378
26660
8696
28088
31216
13647
6098
21593
19650
2813
1429
13022
23811
27912
25675
20607
32286
9725
17877
25315
3371
25704
3363
13705
2752
15698
30379
24680
1802
14343
1299
20946
5148
18205
9777
12190
12934
21169
9270
21382
27690
14324
14118
26318
4427
25063
19084
24871
19431
24418
19307
28370
32071
6747
4727
520
6612
5221
16005
5018
30508
19575
4929
22229
16501
12783
12319
25768
1266
18646
13204
8713
5331
25446
7813
26004
8274
5321
3072
8309
19707
16676
4394
3721
13643
28372
22904
12736
1661
15608
21282
7366
12449
9007
32725
20706
23790
24227
15785
13086
7769
12358
7250
23720
4199
20571
4762
19064
22591
15161
10255
12339
15363
15179
26360
29263
17504
21596
10894
2937
7268
29713
7529
24883
9104
2999
31801
19394
26159
30527
28854
21831
28646
21895
6362
29740
11403
13788
3661
17601
19258
16060
545
1575
22438
12768
16575
24174
32174
29050
12833
10746
11057
27323
10818
23083
1058
2456
7635
10045
23775
6606
3888
6508
11966
14627
18322
11612
15081
16111
12422
6073
20333
15580
24990
27674
25229
31978
13926
11052
30812
8374
153
31756
1675
17915
10901
5364
19071
21593
24077
5914
17830
22613
766
25045
21516
4002
10980
8450
4393
2719
15405
6822
32510
1824
29166
32725
9056
26737
981
17618
3987
28824
2655
17527
1562
7899
29514
13015
13006
22402
6734
8995
10542
14558
23048
9418
7414
16778
10551
15332
2291
11249
6186
14545
14357
8976
17017
13085
25798
13438
2292
11175
25210
9129
10201
6659
1415
610
32074
26908
15672
12956
5117
10014
5148
13680
17974
27795
2724
27493
3314
16076
32749
10735
20325
29058
7387
18997
18087
19389
30055
5399
18859
29685
21562
12400
5488
26487
25722
29080
25979
267
11748
14638
28804
21204
5915
15380
7536
22391
25151
23994
1151
16000
22466
32672
4295
22529
4983
27158
21985
25467
10220
12871
28130
17922
3066
16757
29580
27549
1690
24966
27846
22508
3322
29376
14666
10765
18129
11985
22942
6079
11503
7442
8773
9160
30232
7180
12086
5013
17938
9276
11149
26657
21245
10259
16769
24088
29923
13633
18070
14651
21392
15155
30739
24326
9892
6874
23479
1168
15334
25519
6312
29620
14299
25076
23724
11118
17560
25148
8603
24455
8916
20013
26389
7029
20801
1669
13424
3197
15901
7771
30452
14106
14083
23464
4171
7074
2824
8453
10547
3623
4867
9398
7286
17819
5164
6376
3612
26168
12521
10551
735
2847
23524
29043
3039
4928
353
20900
23191
13689
23247
17227
20752
8194
8348
5099
25172
9992
3662
10440
22310
18072
27856
12271
19184
31679
5897
25206
29949
14576
11443
15365
4584
31141
26475
19350
341
14665
17924
376
27614
20822
545
7834
1361
699
1027
10502
16152
11904
18591
2476
32504
428
28148
14177
11775
6247
22939
4903
13239
23644
11680
22959
12704
8801
32656
19996
4829
19290
1491
522
17454
27738
12092
24271
10270
16908
22751
21504
7038
29522
5667
20280
7697
26411
16152
24852
29577
12762
14602
13186
20658
23877
11606
13628
26862
4251
8828
7823
28641
23353
11126
13153
25453
9935
8520
26226
12769
5310
6873
16866
4205
19141
5889
14580
5594
29405
3299
18193
28023
29281
22141
16
13911
7282
10621
30132
25273
25498
4694
5750
11208
20143
9620
27013
28037
13563
23404
19468
32513
1433
18840
5043
23247
7714
12130
14952
11193
29834
2046
30559
4530
6212
5916
26967
13068
20141
9150
13856
28139
20135
21831
17242
15866
24452
26325
27775
10844
24359
9425
23076
20454
29541
26821
24187
23435
27313
1901
31517
2327
4089
25872
29702
31265
30155
9232
5089
31034
31932
8641
1415
32107
6410
13687
26306
479
7040
26083
30806
1500
410
2207
3906
18680
4330
7
11075
6025
16826
2891
22170
15197
15603
23746
13071
25771
28990
